nan
nan
nan
nan
137.0
91.0
126.0
-83.0
10.0
179.0
nan
nan
nan
-43.0
-60.0
180.0
-170.0
156.0
nan
-35.0
-163.0
nan
nan
nan
130.0
0.0
85.0
0.0
178.0
nan
nan
nan
-175.0
174.0
nan
nan
nan
152.0
128.0
nan
17.0
nan
-10.0
58.0
51.0
68.0
nan
-177.0
-172.0
50.0
nan
nan
nan
nan
nan
-93.0
nan
-98.0
-85.0
111.0
-79.0
nan
-13.0
6.0
100.0
-135.0
-171.0
nan
-3.0
168.0
nan
nan
-39.0
-175.0
-65.0
-26.0
-61.0
-123.0
nan
174.0
nan
-96.0
nan
171.0
-174.0
nan
nan
-4.0
nan
92.0
-112.0
-15.0
-178.0
-19.0
nan
-179.0
nan
nan
-14.0
-91.0
-116.0
nan
nan
nan
176.0
169.0
155.0
-93.0
180.0
-123.0
29.0
173.0
0.0
171.0
-1.0
-19.0
-178.0
-174.0
-7.0
nan
13.0
-14.0
-165.0
-5.0
-153.0
27.0
-117.0
174.0
nan
175.0
165.0
-167.0
-163.0
-12.0
nan
-161.0
-175.0
-97.0
nan
177.0
176.0
180.0
nan
-72.0
-161.0
-11.0
-15.0
-135.0
nan
